0.0304437038691
0.0550591177055
0.10692602761
0.0698771592269
0.0521772518303
0.0791941296578
0.0394415410649
0.154128246055
0.0215590419223
0.000334376636143
0.0302126958387
0.134037727702
0.0352142985773
0.1396457691
0.0600325573749
0.0887641645095
0.130337188323
0.058749202688
0.035236023438
0.106275073132
0.0747404335501
0.084700152514
0.000397351186534
0.141416690466
0.232769734606
0.0500422477934
0.0367312032897
0.0732175199025
0.00275234488258
0.169519731464
0.244116213552
0.0622060752253
0.0371116197517
0.0252621828236
0.133704267438
0.0616321156539
0.0236347531245
0.0701862246487
0.00882214855203
0.0201067246517
0.084843736759
0.191438975508
0.0122373185443
0.144425845818
0.0892495742607
0.304624424536
0.153644998498
0.0142795875582
0.0344074631615
0.0720911534261
0.207578116922
0.0752045087022
0.0237393767492
0.0680031032859
0.0732522921736
0.280875832768
0.0576746549043
0.0570677486218
0.0814888522385
0.0238883147657
0.0637704997885
0.016035594911
0.214153156665
0.241268674649
0.259609028661
0.156929766084
0.126953520444
0.148026570834
0.00810357462655
0.152988877351
0.0528118267019
0.0313577844853
0.0100415939046
0.011381741103
0.00456026788267
0.0547505063878
0.025332246132
0.0400524005984
0.0502023879422
0.0286402503955
0.133227048548
0.0588448178429
0.0399508987465
0.0904239219706
0.0813336786485
0.0396593364406
0.00950686547632
0.113220140351
0.00426942112242
0.0793050343723
0.098611265804
0.0449529637744
0.0542961710401
0.0767080484005
0.241261231147
0.073369890159
0.150524716045
0.033298597203
0.0254387016907
0.0119835279325
0.260166926957
0.0968166632752
0.023614244533
0.104315433421
0.118693943936
0.22093464423
0.305155443927
0.0780970416603
0.0761516228904
0.240888816449
0.0415876583618
0.114856423997
0.100736378271
0.295146846715
0.0257429794817
0.184108729101
0.124613794464
0.00211258133327
0.0375772006831
0.0456390531529
0.0803666835896
0.0863648088646
0.00485653845985
0.102450046887
0.00603705114207
0.12655740229
0.03468431397
0.0391336869108
0.0784579147734
0.0118023302147
0.234583247795
0.104139095465
0.0403018581806
0.0890039400038
0.03998959591
0.0100068390448
0.00194677201773
0.0139544611726
0.0488775775196
0.0104437729589
0.0303315858871
0.0146736396002
0.0255985703932
0.08059438331
